
set HOMEBASE_START := HOME_NEU_START;

set HOMEBASE_END := HOME_NEU_END;

set TRAVEL_PLACES := FrdmTrl	FnwyPrk	MsmofFA	BstTPSM	NrthEnd	JhFKPML	BstnPbG	SmlAdmB	IsblSGM	BstnPbL	BstnCmm	MsmofSc	USSCnst	QncyMrk	BecnHll	USSCnsM	FnlHllM	
NwbrySt	BackBay	ThMpprm	NwEnglA	BChld_M	OldNCHS	CstlIsl	HrbrWlk	BnkrHllMn	SkywlkO	NwEngHM	ArnldAr	ChrlsRE	CplySqr	Wtrfrnt	OldSttH	PrdntlC	HrpnBBH	BstnOpH	Mrrt_CH	
BstnPbM	TrntyCh	GrnryBG	ThPlRvH	ChrlsNY	AcrnStr	RsKnndG	MsschSH	ThBstnP	SpctclI	Grg_sIs	Haymrkt	WngThtr	CmmnwAM	Kng_sCh	ThPOoEG	FrogPnd	EMKIftUSS	FrnklPZ	SttofPR	
ThLwnOD	USSCssY	OldSthC	ThInoCA	Chintwn	DwnstCH	TrllmBC	ChrlsSt	BnkrHll	BstnCEC	JhnHncT	BylstnS	ChrsCWP	FanPier	CplyPlc	SWOpnMr	BstnAth	SymphnH	BstnMsS	EtDaMGH	BstnWnr	
DrmlnWM	PlRvrMl	DwntwnC	PddcksI	HynsCnC	LnPZBHB	TFCoC_S	BcnStrt	HymrktS	MryBkEL	ThWlbrT	MknWfDS	MtrplWM	BySttCC	MsmoAAH	EmrsnCT	Cpp_HBG	DltSkyC	PSRMMoMHaIaMGH	MBTAtSS	
JmsPKRG	BstnBll	OldCtyH	JamcPnd	PrkStrC	PirsPrk	BstnIFM	BstnFrM	NtnPSVC	NwBlnFS	AnaHACM	JamcPln	BstnCVC	BrghtMH	ArlngSC	SttofBF	SothEnd	LttBIaL	OtisHos	NwEnCJH	OrphmTh	
GrgWshS	CJck_HC	ThSprtM	GbsnHsM	FrtWrrn	RwsWhWT	TheFens	Kng_CBG	NchlsHM	DwntATE	CmmnwlM	FrstHlC	SSt_RCC	ChrcotC	SttofSA	ThmpsnI	LsbrgSq	DrcHNHS	WrldTCB	EmrldNc	SthBstn	
LyrSCoB	BrklCoM	ArFrncL	BstnCmC	WrrrIcA	BstnLtS	AggnsAr	ChstnHR	BnkrHllMs
 ;

param Budget := 200;
param hoursInADay := 10;
param NumberOfDays := 8;
param milesPerGallon := 25;
param costPerGallon := 2.859;

param Cost := 
HOME_NEU_START	0
HOME_NEU_END	0
FrdmTrl	16
FnwyPrk	25
MsmofFA	59
BstTPSM	29.99
NrthEnd	20
JhFKPML	59
BstnPbG	35
SmlAdmB	63
IsblSGM	59
BstnPbL	35
BstnCmm	20
MsmofSc	29
USSCnst	27.25
QncyMrk	31
BecnHll	35
USSCnsM	4.25
FnlHllM	20
NwbrySt	47.15
BackBay	35
ThMpprm	63
NwEnglA	31
BChld_M	46.16
OldNCHS	4.25
CstlIsl	73.5
HrbrWlk	34.6
BnkrHllMn	4.25
SkywlkO	63
NwEngHM	4
ArnldAr	75
ChrlsRE	47.15
CplySqr	35
Wtrfrnt	31
OldSttH	12
PrdntlC	46.16
HrpnBBH	0
BstnOpH	19
Mrrt_CH	27.21
BstnPbM	47.15
TrntyCh	35
GrnryBG	4.25
ThPlRvH	4.25
ChrlsNY	27.25
AcrnStr	11.99
RsKnndG	4
MsschSH	16
ThBstnP	0
SpctclI	19.95
Grg_sIs	91.57
Haymrkt	4
WngThtr	12
CmmnwAM	75
Kng_sCh	4.25
ThPOoEG	0
FrogPnd	27
EMKIftUSS	59
FrnklPZ	59
SttofPR	0
ThLwnOD	0
USSCssY	1.5
OldSthC	31
ThInoCA	63
Chintwn	25
DwnstCH	0
TrllmBC	255
ChrlsSt	0
BnkrHll	104.67
BstnCEC	46.16
JhnHncT	35
BylstnS	27
ChrsCWP	27
FanPier	899.99
CplyPlc	46.16
SWOpnMr	0
BstnAth	0
SymphnH	46.16
BstnMsS	4.25
EtDaMGH	0
BstnWnr	0
DrmlnWM	15
PlRvrMl	27.21
DwntwnC	46
PddcksI	34.6
HynsCnC	0
LnPZBHB	42
TFCoC_S	0
BcnStrt	0
HymrktS	0
MryBkEL	63
ThWlbrT	0
MknWfDS	0
MtrplWM	0
BySttCC	0
MsmoAAH	0
EmrsnCT	0
Cpp_HBG	4.25
DltSkyC	0
PSRMMoMHaIaMGH	0
MBTAtSS	0
JmsPKRG	0
BstnBll	0
OldCtyH	20
JamcPnd	75
PrkStrC	4.25
PirsPrk	0
BstnIFM	4
BstnFrM	0
NtnPSVC	0
NwBlnFS	0
AnaHACM	0
JamcPln	0
BstnCVC	27
BrghtMH	0
ArlngSC	47.15
SttofBF	4
SothEnd	57.75
LttBIaL	91.57
OtisHos	63
NwEnCJH	0
OrphmTh	0
GrgWshS	0
CJck_HC	44
ThSprtM	0
GbsnHsM	629
FrtWrrn	0
RwsWhWT	55.65
TheFens	0
Kng_CBG	35
NchlsHM	0
DwntATE	0
CmmnwlM	0
FrstHlC	0
SSt_RCC	0
ChrcotC	0
SttofSA	39.99
ThmpsnI	34.6
LsbrgSq	57.75
DrcHNHS	0
WrldTCB	26.25
EmrldNc	75
SthBstn	236.4
LyrSCoB	0
BrklCoM	0
ArFrncL	0
BstnCmC	0
WrrrIcA	0
BstnLtS	14
AggnsAr	0
ChstnHR	0
BnkrHllMs	0


;

param Duration :=
HOME_NEU_START	0
HOME_NEU_END	0
FrdmTrl	3
FnwyPrk	3.5
MsmofFA	3
BstTPSM	1
NrthEnd	2
JhFKPML	3
BstnPbG	2
SmlAdmB	2
IsblSGM	2
BstnPbL	2
BstnCmm	3
MsmofSc	3
USSCnst	1
QncyMrk	1
BecnHll	3
USSCnsM	2
FnlHllM	2
NwbrySt	1
BackBay	2
ThMpprm	0.75
NwEnglA	2
BChld_M	1
OldNCHS	1
CstlIsl	1
HrbrWlk	1
BnkrHllMn	0.75
SkywlkO	1
NwEngHM	1
ArnldAr	1
ChrlsRE	1
CplySqr	1
Wtrfrnt	1
OldSttH	1
PrdntlC	2
HrpnBBH	1
BstnOpH	1
Mrrt_CH	1
BstnPbM	0.75
TrntyCh	1
GrnryBG	1
ThPlRvH	0.75
ChrlsNY	3
AcrnStr	0.75
RsKnndG	1
MsschSH	2
ThBstnP	1
SpctclI	3
Grg_sIs	2
Haymrkt	1
WngThtr	3
CmmnwAM	1
Kng_sCh	0.75
ThPOoEG	0.75
FrogPnd	1
EMKIftUSS	2
FrnklPZ	1
SttofPR	1
ThLwnOD	3
USSCssY	1
OldSthC	1
ThInoCA	1
Chintwn	1
DwnstCH	2
TrllmBC	1
ChrlsSt	1
BnkrHll	1
BstnCEC	1
JhnHncT	1
BylstnS	1
ChrsCWP	1
FanPier	1
CplyPlc	3
SWOpnMr	3.5
BstnAth	1
SymphnH	1
BstnMsS	1
EtDaMGH	1
BstnWnr	1
DrmlnWM	2
PlRvrMl	1
DwntwnC	1
PddcksI	1
HynsCnC	1
LnPZBHB	1
TFCoC_S	1
BcnStrt	1
HymrktS	1
MryBkEL	0.75
ThWlbrT	1
MknWfDS	1
MtrplWM	1
BySttCC	2
MsmoAAH	1
EmrsnCT	1
Cpp_HBG	1
DltSkyC	1
PSRMMoMHaIaMGH	0.75
MBTAtSS	1
JmsPKRG	1
BstnBll	1
OldCtyH	1
JamcPnd	1
PrkStrC	1
PirsPrk	1
BstnIFM	1
BstnFrM	1
NtnPSVC	1
NwBlnFS	1
AnaHACM	2
JamcPln	1
BstnCVC	1
BrghtMH	1
ArlngSC	0.75
SttofBF	1
SothEnd	1
LttBIaL	3
OtisHos	1
NwEnCJH	1
OrphmTh	1
GrgWshS	1
CJck_HC	0.75
ThSprtM	2
GbsnHsM	1
FrtWrrn	1
RwsWhWT	1
TheFens	1
Kng_CBG	1
NchlsHM	1
DwntATE	2
CmmnwlM	1
FrstHlC	3
SSt_RCC	1
ChrcotC	1
SttofSA	1
ThmpsnI	1
LsbrgSq	1
DrcHNHS	1
WrldTCB	1
EmrldNc	1
SthBstn	1
LyrSCoB	1
BrklCoM	1
ArFrncL	1
BstnCmC	1
WrrrIcA	1
BstnLtS	1
AggnsAr	1
ChstnHR	1
BnkrHllMs	0.75

;

param Distance : 
	HOME_NEU_START	HOME_NEU_END	FrdmTrl	FnwyPrk	MsmofFA	BstTPSM	NrthEnd	JhFKPML	BstnPbG	SmlAdmB	IsblSGM	BstnPbL	BstnCmm	MsmofSc	USSCnst	QncyMrk	BecnHll	USSCnsM	FnlHllM	NwbrySt	BackBay	ThMpprm	NwEnglA	BChld_M	OldNCHS	CstlIsl	HrbrWlk	BnkrHllMn	SkywlkO	NwEngHM	ArnldAr	ChrlsRE	CplySqr	Wtrfrnt	OldSttH	PrdntlC	HrpnBBH	BstnOpH	Mrrt_CH	BstnPbM	TrntyCh	GrnryBG	ThPlRvH	ChrlsNY	AcrnStr	RsKnndG	MsschSH	ThBstnP	SpctclI	Grg_sIs	Haymrkt	WngThtr	CmmnwAM	Kng_sCh	ThPOoEG	FrogPnd	EMKIftUSS	FrnklPZ	SttofPR	ThLwnOD	USSCssY	OldSthC	ThInoCA	Chintwn	DwnstCH	TrllmBC	ChrlsSt	BnkrHll	BstnCEC	JhnHncT	BylstnS	ChrsCWP	FanPier	CplyPlc	SWOpnMr	BstnAth	SymphnH	BstnMsS	EtDaMGH	BstnWnr	DrmlnWM	PlRvrMl	DwntwnC	PddcksI	HynsCnC	LnPZBHB	TFCoC_S	BcnStrt	HymrktS	MryBkEL	ThWlbrT	MknWfDS	MtrplWM	BySttCC	MsmoAAH	EmrsnCT	Cpp_HBG	DltSkyC	PSRMMoMHaIaMGH	MBTAtSS	JmsPKRG	BstnBll	OldCtyH	JamcPnd	PrkStrC	PirsPrk	BstnIFM	BstnFrM	NtnPSVC	NwBlnFS	AnaHACM	JamcPln	BstnCVC	BrghtMH	ArlngSC	SttofBF	SothEnd	LttBIaL	OtisHos	NwEnCJH	OrphmTh	GrgWshS	CJck_HC	ThSprtM	GbsnHsM	FrtWrrn	RwsWhWT	TheFens	Kng_CBG	NchlsHM	DwntATE	CmmnwlM	FrstHlC	SSt_RCC	ChrcotC	SttofSA	ThmpsnI	LsbrgSq	DrcHNHS	WrldTCB	EmrldNc	SthBstn	LyrSCoB	BrklCoM	ArFrncL	BstnCmC	WrrrIcA	BstnLtS	AggnsAr	ChstnHR	BnkrHllMs =
HOME_NEU_START	0	0	1.7394	0.6742	0.2733	2.1699	2.4838	3.2122	1.5096	2.2342	0.6514	0.9066	1.6358	2.1416	3.1771	2.2445	1.7994	2.8194	2.183	0.9006	0.9033	0.4024	2.4004	2.1411	2.5447	3.1958	3.2904	2.876	0.6667	2.2392	2.5269	2.1407	0.961	1.9905	2.0806	0.6667	2.6474	1.686	2.3038	2.2479	0.9756	1.8206	2.4708	2.924	1.6519	2.2591	5.9264	0.3024	6.3604	8.316	2.2544	1.4671	0.6742	1.9681	2.175	1.4438	3.2659	2.555	2.5535	2.2842	3.1814	0.9066	2.4677	2.0636	3.3493	2.2834	1.6695	2.6905	2.2808	0.9744	0.6157	2.4354	2.5115	0.6795	1.3283	1.8514	0.2923	2.0806	1.7994	4.1381	2.1334	2.5447	1.8169	2.0714	0.662	2.2815	0.4026	1.532	2.2576	0.4026	1.4687	1.5135	3.1481	2.5328	1.8451	1.5086	2.5169	3.8454	1.7936	1.9732	0.3738	1.6715	1.9681	1.9804	1.8225	3.2883	1.662	2.1808	2.1868	3.2436	2.175	2.2837	3.7522	2.6702	1.2566	1.9743	0.8089	5.4128	1.9445	0.2322	1.8052	0.6795	2.5452	2.2636	1.2306	8.2486	3.6419	0.3738	1.951	1.7459	1.1179	3.2122	2.8034	2.5509	1.1043	2.1062	3.2659	1.6088	1.6659	2.5328	0.1874	2.6474	0.9957	0.4589	4.1254	1.6012	3.2436	0.5053	1.3663	2.9608	2.6905
HOME_NEU_END	0	0	1.7394	0.6742	0.2733	2.1699	2.4838	3.2122	1.5096	2.2342	0.6514	0.9066	1.6358	2.1416	3.1771	2.2445	1.7994	2.8194	2.183	0.9006	0.9033	0.4024	2.4004	2.1411	2.5447	3.1958	3.2904	2.876	0.6667	2.2392	2.5269	2.1407	0.961	1.9905	2.0806	0.6667	2.6474	1.686	2.3038	2.2479	0.9756	1.8206	2.4708	2.924	1.6519	2.2591	5.9264	0.3024	6.3604	8.316	2.2544	1.4671	0.6742	1.9681	2.175	1.4438	3.2659	2.555	2.5535	2.2842	3.1814	0.9066	2.4677	2.0636	3.3493	2.2834	1.6695	2.6905	2.2808	0.9744	0.6157	2.4354	2.5115	0.6795	1.3283	1.8514	0.2923	2.0806	1.7994	4.1381	2.1334	2.5447	1.8169	2.0714	0.662	2.2815	0.4026	1.532	2.2576	0.4026	1.4687	1.5135	3.1481	2.5328	1.8451	1.5086	2.5169	3.8454	1.7936	1.9732	0.3738	1.6715	1.9681	1.9804	1.8225	3.2883	1.662	2.1808	2.1868	3.2436	2.175	2.2837	3.7522	2.6702	1.2566	1.9743	0.8089	5.4128	1.9445	0.2322	1.8052	0.6795	2.5452	2.2636	1.2306	8.2486	3.6419	0.3738	1.951	1.7459	1.1179	3.2122	2.8034	2.5509	1.1043	2.1062	3.2659	1.6088	1.6659	2.5328	0.1874	2.6474	0.9957	0.4589	4.1254	1.6012	3.2436	0.5053	1.3663	2.9608	2.6905
FrdmTrl	1.7394	1.7394	0	1.7235	1.9508	0.7016	0.7628	3.0912	0.3771	3.8496	2.3368	0.8724	0.1503	0.8107	1.5471	0.5061	0.4985	1.2385	0.4437	0.9205	0.8827	1.4016	0.6761	0.6358	0.8388	2.2047	3.1998	1.3726	1.1042	0.512	4.2073	0.9311	0.8028	0.4791	0.3412	1.1042	1.4484	0.1182	0.5759	0.5224	0.7847	0.0959	0.7398	1.3188	0.3659	0.5445	7.4146	1.4386	5.4439	7.2676	0.528	0.3432	1.7235	0.2295	0.4359	0.432	3.1025	3.8636	0.8321	1.2385	1.5483	0.8724	0.8968	0.3242	1.652	0.8941	0.4824	1.1423	1.198	0.7785	1.1981	0.6964	1.0121	1.0626	0.9451	0.1516	1.4481	0.3412	0.4985	4.556	0.4035	0.8388	0.1091	0.3326	1.173	0.7272	1.4014	0.4731	0.5336	1.4014	0.3643	0.352	4.6899	1.1457	0.3247	0.2838	0.8425	2.1823	0.5223	0.2397	1.8296	0.1218	0.2295	3.6858	0.1152	1.549	0.1421	0.7995	0.4482	4.3865	0.4359	3.8922	5.2042	3.8307	0.4908	0.2355	1.235	4.4984	0.4207	1.5074	0.0688	1.0626	0.8465	0.6785	0.6245	7.227	1.9907	1.8296	0.2145	0.1536	0.624	3.0912	4.4244	0.8286	0.6792	0.3707	3.1025	0.3419	1.4507	1.1457	1.7963	1.4484	0.7455	1.5271	2.4216	0.152	4.3865	2.2046	2.467	4.4919	1.1423
FnwyPrk	0.6742	0.6742	1.7235	0	0.5895	2.315	2.3742	3.7989	1.3906	2.7281	0.8081	0.8781	1.5853	1.8559	2.9388	2.1879	1.5906	2.5694	2.1421	0.8118	0.8636	0.5059	2.3947	2.2685	2.4117	3.5675	3.8842	2.5788	0.7056	2.156	2.9401	1.8088	0.9529	2.102	2.044	0.7056	2.9262	1.7148	2.2937	2.1612	0.9728	1.7797	2.3794	2.6824	1.5022	2.2676	6.4421	0.6489	6.8025	8.7242	2.1686	1.5597	1.00E-04	1.9298	2.1268	1.3223	3.8461	3.1803	2.4402	2.5919	2.9451	0.8781	2.5803	2.0263	3.373	2.4688	1.4705	2.432	2.5761	0.9891	0.5907	2.3895	2.6617	0.8095	1.6824	1.7895	0.6517	2.044	1.5906	4.8033	2.0627	2.4117	1.824	2.0412	0.591	2.0702	0.5057	1.3591	2.168	0.5057	1.5749	1.4063	2.9664	2.7336	1.7064	1.5789	2.3556	3.9058	1.5754	1.9608	0.3501	1.7	1.9298	2.3737	1.7707	3.2061	1.6983	2.3616	2.1345	2.7873	2.1268	2.7813	3.4915	2.2123	1.2519	1.9364	1.2697	5.8479	1.78	0.6706	1.777	0.8095	2.4043	2.0707	1.1053	8.6659	3.7132	0.3501	1.9078	1.6707	1.1982	3.7989	3.2741	2.4392	1.0507	2.086	3.8461	1.477	2.1465	2.7336	0.515	2.9262	1.0983	0.302	4.137	1.5715	2.7873	0.7422	0.8253	2.7684	2.432
MsmofFA	0.2733	0.2733	1.9508	0.5895	0	2.419	2.6786	3.4557	1.6893	2.161	0.3931	1.0899	1.8368	2.2782	3.3374	2.4513	1.9573	2.9738	2.3932	1.0655	1.0831	0.5544	2.6208	2.387	2.7335	3.469	3.5308	3.0143	0.85	2.4391	2.4087	2.2604	1.1532	2.2323	2.2909	0.85	2.9156	1.9072	2.5225	2.4469	1.1701	2.0268	2.6704	3.0819	1.8254	2.4817	5.8728	0.5272	6.6303	8.5878	2.4537	1.6991	0.5895	2.1768	2.3833	1.6212	3.5117	2.5927	2.7478	2.5539	3.3424	1.0899	2.7128	2.2735	3.5808	2.5394	1.8283	2.8413	2.5496	1.1736	0.771	2.6464	2.7632	0.891	1.5984	2.0527	0.5196	2.2909	1.9573	4.3177	2.3356	2.7335	2.0348	2.2832	0.8086	2.4445	0.5546	1.6961	2.4559	0.5546	1.7036	1.6966	2.8777	2.792	2.025	1.7365	2.6973	4.0857	1.9484	2.1883	0.2398	1.8924	2.1768	1.8487	2.026	3.4949	1.8846	2.4357	2.3942	2.9842	2.3833	2.2131	3.4791	2.4131	1.4611	2.1831	1.082	5.6836	2.1182	0.4746	2.0144	0.891	2.7317	2.4323	1.4007	8.5199	3.8837	0.2398	2.1582	1.9421	1.3392	3.4557	2.7179	2.7456	1.2904	2.3208	3.5117	1.7868	1.9367	2.792	0.155	2.9156	1.2181	0.502	4.3565	1.807	2.9842	0.2542	1.1479	2.6895	2.8413
BstTPSM	2.1699	2.1699	0.7016	2.315	2.419	0	0.9021	2.606	1.072	4.064	2.8119	1.437	0.847	1.3829	1.7043	0.6691	1.1655	1.5152	0.6149	1.5074	1.4518	1.9095	0.5445	0.0709	1.0014	1.5238	2.7177	1.7055	1.6298	0.754	4.4705	1.529	1.3622	0.2264	0.6094	1.6298	0.7575	0.6465	0.5285	0.766	1.3423	0.7144	0.839	1.5491	1.0643	0.4601	7.4683	1.8922	4.7452	6.5667	0.7641	0.7554	2.315	0.6434	0.6379	1.1183	2.6025	3.8954	0.9429	0.6303	1.7008	1.437	0.3074	0.6147	1.2322	0.196	1.1768	1.4759	0.5809	1.326	1.74	0.6827	0.3479	1.5511	0.9669	0.7547	1.8996	0.6094	1.1655	4.1827	0.7107	1.0014	0.5968	0.5913	1.7292	1.1711	1.9095	1.174	0.7766	1.9095	0.7405	1.0453	5.2561	0.4455	0.9643	0.7403	1.0803	1.6859	1.1918	0.5665	2.3494	0.659	0.6434	3.9904	0.7416	1.3618	0.6524	0.1261	0.6514	5.0472	0.6379	4.1	5.8045	4.4838	1.0757	0.6401	1.4652	3.8022	1.0143	1.9462	0.6907	1.5511	1.0267	1.1085	1.2753	6.5255	1.4795	2.3494	0.6633	0.8392	1.1194	2.606	4.6271	0.9368	1.2782	0.5539	2.6025	1.0434	1.2199	0.4455	2.2725	0.7575	1.2286	2.0737	1.9947	0.8278	5.0472	2.6694	3.1023	5.0612	1.4759
NrthEnd	2.4838	2.4838	0.7628	2.3742	2.6786	0.9021	0	3.5069	0.995	4.6123	3.0555	1.5887	0.8486	0.7423	0.8313	0.2828	0.8046	0.6136	0.3574	1.6181	1.5956	2.1243	0.3748	0.8445	0.0998	2.3008	3.6187	0.8092	1.8292	0.2511	4.9688	0.8915	1.5269	0.8275	0.4439	1.8292	1.5543	0.8489	0.3741	0.2404	1.5109	0.6722	0.0669	0.6497	0.8725	0.4446	8.1613	2.1815	5.3751	7.0867	0.2349	1.0933	2.3742	0.5382	0.3509	1.0641	3.5016	4.5995	0.0698	1.5245	0.83	1.5887	0.8218	0.4569	1.0964	1.0543	0.9109	0.5879	1.4738	1.5101	1.9103	0.231	0.9795	1.8043	1.6345	0.6343	2.1915	0.4439	0.8046	5.0797	0.3595	0.0998	0.7166	0.4606	1.8774	0.4389	2.1241	1.015	0.2294	2.1241	1.1078	0.9847	5.317	1.185	0.668	1.0368	0.1904	1.6483	0.8256	0.5647	2.534	0.8605	0.5382	4.4441	0.6656	0.8321	0.8766	1.0255	0.3348	4.8664	0.3509	4.6548	5.787	4.3363	1.2277	0.5331	1.9909	4.4624	0.6002	2.2532	0.6941	1.8043	0.1247	0.3929	1.2871	7.0621	1.4909	2.534	0.5494	0.7381	1.3805	3.5069	5.187	0.0671	1.3882	0.4515	3.5016	0.9017	2.0479	1.185	2.5236	1.5543	1.4999	2.2232	1.8046	0.8866	4.8664	2.9299	3.0347	5.1173	0.5879
JhFKPML	3.2122	3.2122	3.0912	3.7989	3.4557	2.606	3.5069	0	3.323	3.6102	3.717	3.2148	3.1745	3.8977	4.2813	3.2695	3.5781	4.1205	3.2083	3.2996	3.2314	3.3011	3.1395	2.6672	3.6056	1.6091	0.112	4.3114	3.2134	3.3501	4.1004	4.0224	3.1708	2.7254	3.1777	3.2134	2.0593	2.9781	3.1342	3.3627	3.1588	3.1599	3.4426	4.1491	3.4073	3.0661	5.9399	3.15	3.4812	5.4781	3.3618	2.8542	3.7989	3.1673	3.2287	3.3237	0.0846	2.8123	3.5437	1.9845	4.2763	3.2148	2.7329	3.1772	3.3509	2.4575	3.5229	4.0808	2.0355	3.1323	3.3059	3.2824	2.5943	3.0968	2.3083	3.2183	3.1475	3.1777	3.5781	1.6835	3.2881	3.6056	3.0318	3.1574	3.3373	3.7461	3.3013	3.44	3.3741	3.3013	2.8221	3.2978	6.0491	2.3948	3.4158	2.8978	3.6863	3.4394	3.5989	3.0941	3.5789	2.9799	3.1673	3.897	3.1888	3.7529	2.9608	2.4816	3.2438	6.4287	3.2287	3.6116	6.7278	5.8632	3.1015	3.1668	2.5454	2.6393	3.505	3.1344	3.1256	3.0968	3.6316	3.6853	3.3258	5.381	3.2827	3.5789	3.1787	3.2415	2.9775	0	3.9912	3.5376	3.2131	3.1324	0.0846	3.3606	1.7391	2.3948	3.3989	2.0593	2.9842	3.4998	3.8239	3.1249	6.4287	3.5921	4.5744	5.8928	4.0808
BstnPbG	1.5096	1.5096	0.3771	1.3906	1.6893	1.072	0.995	3.323	0	3.6978	2.0621	0.6036	0.2271	0.7114	1.6725	0.7975	0.33	1.3228	0.7544	0.6247	0.6083	1.1353	1.0133	1.0085	1.045	2.5515	3.4286	1.4068	0.845	0.7669	4.0253	0.7783	0.55	0.8463	0.6593	0.845	1.8062	0.4299	0.9128	0.7728	0.537	0.4044	0.9939	1.4227	0.1477	0.8961	7.3251	1.2089	5.8031	7.6382	0.7801	0.4697	1.3906	0.5479	0.7379	0.0691	3.3419	3.8106	1.0633	1.5658	1.6762	0.6036	1.2733	0.6418	1.9895	1.2607	0.2211	1.201	1.5298	0.5426	0.9186	0.9993	1.3889	0.8382	1.056	0.4031	1.2193	0.6593	0.33	4.7133	0.6721	1.045	0.4862	0.659	0.8838	0.7796	1.1351	0.1183	0.7803	1.1351	0.5018	0.0278	4.3516	1.5174	0.3362	0.4313	1.0089	2.5301	0.337	0.5918	1.5391	0.4193	0.5479	3.4869	0.3895	1.8228	0.4305	1.1618	0.7448	4.0131	0.7379	3.7435	4.8507	3.4598	0.306	0.5544	1.1763	4.8546	0.4356	1.2838	0.4113	0.8382	1.0426	0.7564	0.2921	7.5961	2.3439	1.5391	0.5246	0.2837	0.4882	3.323	4.2729	1.0615	0.4056	0.7067	3.3419	0.0994	1.6164	1.5174	1.5347	1.8062	0.5826	1.2282	2.7482	0.2458	4.0131	1.9387	2.1049	4.1527	1.201
SmlAdmB	2.2342	2.2342	3.8496	2.7281	2.161	4.064	4.6123	3.6102	3.6978	0	1.9507	3.1123	3.7788	4.3653	5.3666	4.3457	4.0086	5.0206	4.2757	3.1219	3.1126	2.6366	4.4449	4.0624	4.6872	4.4811	3.6235	5.0943	2.8834	4.3612	0.4909	4.3725	3.1536	3.9513	4.1774	2.8834	4.2447	3.767	4.3601	4.3719	3.1643	3.9415	4.586	5.1196	3.8448	4.3012	3.7141	2.5141	7.091	9.086	4.3774	3.524	2.7281	4.0751	4.274	3.6371	3.6926	1.0388	4.6814	3.8865	5.3697	3.1123	4.3689	4.1622	5.2956	4.1036	3.8798	4.8975	3.9091	3.1562	2.8475	4.5149	4.3543	2.8648	3.0972	3.9844	2.5033	4.1774	4.0086	3.5345	4.2528	4.6872	3.9015	4.1637	2.895	4.4773	2.6369	3.7393	4.3831	2.6369	3.5132	3.6962	2.923	4.293	4.0233	3.5783	4.6789	5.7116	4.0059	4.059	2.3931	3.7545	4.0751	0.5522	3.9509	5.3577	3.7397	4.0233	4.2884	3.8942	4.274	0.0556	3.6171	3.4765	3.4115	4.0804	2.635	6.2374	4.1304	2.4368	3.9183	2.8648	4.693	4.4515	3.4386	8.9861	5.5037	2.3931	4.0629	3.8953	3.2424	3.6102	0.5755	4.6778	3.2981	4.1872	3.6926	3.7964	3.0246	4.293	2.2874	4.2447	3.1288	2.6526	6.048	3.7342	3.8942	1.9879	2.894	2.8371	4.8975
IsblSGM	0.6514	0.6514	2.3368	0.8081	0.3931	2.8119	3.0555	3.717	2.0621	1.9507	0	1.4696	2.219	2.6192	3.6909	2.8345	2.3156	3.3243	2.778	1.4376	1.4615	0.9355	3.0091	2.7801	3.107	3.8319	3.7851	3.3523	1.2329	2.8191	2.1353	2.5885	1.5357	2.6254	2.6759	1.2329	3.2981	2.2966	2.9103	2.8265	1.5532	2.4107	3.0498	3.4344	2.194	2.8709	5.6577	0.9203	6.9613	8.9289	2.8335	2.0912	0.8081	2.5613	2.7673	1.9934	3.778	2.5277	3.1243	2.9337	3.6963	1.4696	3.106	2.6584	3.9719	2.931	2.1881	3.1895	2.9312	1.5584	1.1455	3.0311	3.1559	1.2811	1.978	2.4343	0.9127	2.6759	2.3156	4.453	2.7169	3.107	2.423	2.6688	1.1784	2.8032	0.9356	2.0603	2.8352	0.9356	2.0961	2.0712	2.5024	3.1824	2.3961	2.1278	3.066	4.4784	2.3047	2.5752	0.5302	2.2818	2.5613	1.5683	2.4087	3.8765	2.2744	2.8276	2.7777	2.7149	2.7673	2.0052	3.12	2.1567	1.8462	2.5677	1.4516	6.0194	2.4852	0.8664	2.3995	1.2811	3.1039	2.7947	1.7709	8.8578	4.2766	0.5302	2.5422	2.3218	1.7298	3.717	2.4818	3.1223	1.6692	2.7073	3.778	2.1581	2.2801	3.1824	0.5435	3.2981	1.6092	0.8415	4.7473	2.1912	2.7149	0.1467	1.0487	2.3176	3.1895
BstnPbL	0.9066	0.9066	0.8724	0.8781	1.0899	1.437	1.5887	3.2148	0.6036	3.1123	1.4696	0	0.7496	1.2548	2.2714	1.3653	0.8978	1.9158	1.3101	0.0877	0.0176	0.5357	1.5483	1.3904	1.6446	2.7469	3.3121	1.9821	0.2415	1.3499	3.4277	1.2754	0.0748	1.2242	1.2084	0.2415	2.0697	0.8469	1.4482	1.3575	0.0947	0.9423	1.5809	2.0191	0.7453	1.414	6.7679	0.6072	6.0055	7.8997	1.3644	0.6817	0.8781	1.0934	1.2986	0.5373	3.2483	3.2939	1.6579	1.7532	2.2755	0	1.7038	1.1908	2.5215	1.5935	0.7683	1.7891	1.7318	0.113	0.3259	1.5629	1.7836	0.2513	0.9301	0.9647	0.6178	1.2084	0.8978	4.4495	1.2473	1.6446	0.9651	1.2022	0.3016	1.3759	0.5355	0.6287	1.3664	0.5355	0.6976	0.6088	3.8331	1.8591	0.9397	0.7015	1.6123	3.0443	0.8941	1.1121	0.9574	0.8319	1.0934	2.8857	0.9394	2.4069	0.8281	1.4864	1.3087	3.6336	1.2986	3.1593	4.369	3.0637	0.3837	1.0999	0.7558	5.05	1.0379	0.6831	0.9328	0.2513	1.6436	1.3571	0.3269	7.847	2.8482	0.9574	1.0738	0.8526	0.3259	3.2148	3.6862	1.6557	0.2005	1.2427	3.2483	0.7025	1.48	1.8591	0.9349	2.0697	0.2501	0.6559	3.2932	0.7239	3.6336	1.3416	1.6746	3.6364	1.7891
BstnCmm	1.6358	1.6358	0.1503	1.5853	1.8368	0.847	0.8486	3.1745	0.2271	3.7788	2.219	0.7496	0	0.7571	1.5943	0.6157	0.4045	1.2663	0.5618	0.7903	0.7584	1.284	0.8094	0.7826	0.914	2.3388	3.2819	1.3812	0.987	0.6036	4.1254	0.8602	0.6837	0.6222	0.4612	0.987	1.5875	0.2152	0.7085	0.6121	0.6667	0.1949	0.8352	1.3555	0.2394	0.6839	7.3698	1.3336	5.5844	7.4137	0.6187	0.3461	1.5853	0.3461	0.5494	0.2821	3.1891	3.831	0.9184	1.3621	1.5966	0.7496	1.0471	0.4434	1.7877	1.0375	0.3586	1.1585	1.3237	0.664	1.0751	0.8139	1.1618	0.9563	0.9665	0.216	1.3435	0.4612	0.4045	4.609	0.4989	0.914	0.2594	0.4569	1.0468	0.7326	1.2838	0.3277	0.6217	1.2838	0.3753	0.2018	4.5513	1.2921	0.2799	0.2907	0.9001	2.3225	0.4245	0.3767	1.7055	0.2077	0.3461	3.5971	0.1898	1.6581	0.2235	0.9403	0.5592	4.2367	0.5494	3.8227	5.0606	3.6816	0.3793	0.3527	1.1908	4.6375	0.3919	1.4049	0.1925	0.9563	0.9173	0.6933	0.4815	7.3724	2.1329	1.7055	0.3253	0.1171	0.5369	3.1745	4.3543	0.9156	0.5515	0.5008	3.1891	0.2038	1.501	1.2921	1.6819	1.5875	0.6537	1.3994	2.5536	0.0552	4.2367	2.0896	2.3203	4.353	1.1585
MsmofSc	2.1416	2.1416	0.8107	1.8559	2.2782	1.3829	0.7423	3.8977	0.7114	4.3653	2.6192	1.2548	0.7571	0	1.0842	0.7713	0.3816	0.7146	0.7955	1.244	1.2536	1.7441	1.0151	1.3123	0.7179	2.8978	4.0069	0.7363	1.4822	0.6845	4.668	0.1545	1.2199	1.2031	0.7753	1.4822	2.1299	0.9273	0.9483	0.6775	1.2116	0.7379	0.7891	0.8287	0.5715	0.9857	8.0192	1.8523	6.0622	7.8087	0.6832	1.1031	1.8559	0.7478	0.7697	0.7573	3.9068	4.5184	0.7815	1.9931	1.0909	1.2548	1.44	0.7687	1.8325	1.5741	0.4991	0.5765	1.9474	1.2239	1.5265	0.908	1.5929	1.5049	1.723	0.6796	1.8632	0.7753	0.3816	5.3627	0.6844	0.7179	0.8662	0.7926	1.4818	0.3052	1.7439	0.6388	0.6727	1.7439	1.1325	0.7238	4.7107	1.7781	0.4878	1.0477	0.6175	2.3816	0.3752	0.8251	2.0898	0.9279	0.7478	4.1173	0.7091	1.491	0.9479	1.5043	0.761	4.1655	0.7697	4.4129	5.1399	3.6506	1.0173	0.7498	1.8877	5.1348	0.3928	1.9295	0.7723	1.5049	0.6959	0.3502	0.9311	7.7804	2.2307	2.0898	0.7319	0.6671	1.1994	3.8977	4.9384	0.7841	1.0787	0.8338	3.9068	0.6263	2.2548	1.7781	2.1293	2.1299	1.2884	1.7824	2.5065	0.812	4.1655	2.5131	2.4071	4.511	0.5765
USSCnst	3.1771	3.1771	1.5471	2.9388	3.3374	1.7043	0.8313	4.2813	1.6725	5.3666	3.6909	2.2714	1.5943	1.0842	0	1.112	1.3805	0.3696	1.1862	2.2788	2.2741	2.7907	1.1599	1.6543	0.7352	2.9456	4.3933	0.4312	2.5104	1.0625	5.6976	1.1546	2.2219	1.6558	1.2639	2.5104	2.2568	1.6488	1.1913	1.0498	2.2093	1.4513	0.8839	0.2567	1.5272	1.2636	8.9607	2.8786	5.7976	7.3753	1.0465	1.8895	2.9388	1.3416	1.1766	1.7359	4.2693	5.4099	0.7751	2.301	0.0113	2.2714	1.5489	1.2744	1.299	1.8292	1.5101	0.508	2.25	2.215	2.5713	1.0256	1.6923	2.5106	2.4588	1.4007	2.8892	1.2639	1.3805	5.8849	1.1641	0.7352	1.5238	1.2824	2.5305	0.8956	2.7905	1.6456	1.0372	2.7905	1.9084	1.6722	5.7751	1.8974	1.3434	1.8305	0.7059	1.7443	1.389	1.3826	3.1607	1.6584	1.3416	5.1571	1.4363	0.775	1.6766	1.8211	1.16	5.1399	1.1766	5.4115	6.177	4.6539	1.9552	1.3377	2.7796	4.9321	1.2374	2.9543	1.48	2.5106	0.7184	0.9162	1.9466	7.3676	1.6728	3.1607	1.3468	1.4772	2.127	4.2813	5.9421	0.7807	2.077	1.2798	4.2693	1.5732	2.8781	1.8974	3.1853	2.2568	2.2384	2.85	1.7174	1.6425	5.1399	3.5789	3.4714	5.5758	0.508
QncyMrk	2.2445	2.2445	0.5061	2.1879	2.4513	0.6691	0.2828	3.2695	0.7975	4.3457	2.8345	1.3653	0.6157	0.7713	1.112	0	0.6918	0.8663	0.0746	1.4044	1.3741	1.8993	0.253	0.6042	0.3768	2.1437	3.381	1.0455	1.6021	0.0895	4.7097	0.9254	1.2989	0.5588	0.1684	1.6021	1.3803	0.5787	0.1769	0.0995	1.2817	0.4247	0.2428	0.9178	0.7	0.2216	7.8818	1.9432	5.2908	7.0471	0.0963	0.8219	2.1879	0.2767	0.0716	0.8655	3.2682	4.3183	0.3465	1.2994	1.1111	1.3653	0.6706	0.184	1.1988	0.8432	0.7692	0.8124	1.25	1.2778	1.6907	0.2018	0.8259	1.5664	1.3517	0.4017	1.9528	0.1684	0.6918	4.8217	0.1279	0.3768	0.4442	0.1824	1.6619	0.5154	1.8992	0.8443	0.1087	1.8992	0.8341	0.7817	5.1485	1.0186	0.5091	0.7674	0.4278	1.7461	0.7173	0.2874	2.3207	0.5914	0.2767	4.1908	0.4259	1.0442	0.606	0.7953	0.058	4.7646	0.0716	4.3874	5.6405	4.2223	0.9906	0.2707	1.7176	4.3639	0.4869	2.0127	0.4395	1.5664	0.3947	0.4532	1.0844	7.0164	1.5682	2.3207	0.2936	0.5184	1.1302	3.2695	4.9197	0.3418	1.1669	0.1687	3.2682	0.7154	1.7714	1.0186	2.2965	1.3803	1.2516	2.0135	1.9512	0.6446	4.7646	2.7045	2.8894	4.9495	0.8124
BecnHll	1.7994	1.7994	0.4985	1.5906	1.9573	1.1655	0.8046	3.5781	0.33	4.0086	2.3156	0.8978	0.4045	0.3816	1.3805	0.6918	0	1.02	0.6786	0.8994	0.8989	1.4103	0.941	1.0955	0.8282	2.6865	3.6858	1.0867	1.1335	0.629	4.3246	0.4613	0.8552	0.9563	0.6124	1.1335	1.9226	0.6038	0.85	0.6294	0.8451	0.4553	0.8238	1.1258	0.1913	0.8601	7.6486	1.5035	5.9056	7.7009	0.6369	0.7423	1.5906	0.534	0.655	0.3791	3.5919	4.1396	0.8658	1.7338	1.3853	0.8978	1.297	0.5986	1.8765	1.3614	0.1299	0.8916	1.6921	0.855	1.1909	0.8811	1.4354	1.1438	1.3567	0.4108	1.5142	0.6124	1.00E-04	5.0087	0.5686	0.8282	0.5832	0.6223	1.1499	0.4877	1.4101	0.2694	0.6319	1.4101	0.7732	0.3422	4.5155	1.5963	0.2038	0.6908	0.7655	2.4279	0.0268	0.606	1.7861	0.6004	0.534	3.7798	0.4267	1.6313	0.6189	1.2756	0.6544	4.0778	0.655	4.0552	4.9825	3.5405	0.636	0.5388	1.5063	4.9656	0.2091	1.58	0.484	1.1438	0.8181	0.4813	0.5709	7.6652	2.2556	1.7861	0.5112	0.3449	0.8182	3.5781	4.583	0.8657	0.7112	0.6726	3.5919	0.2461	1.9021	1.5963	1.8049	1.9226	0.9099	1.4741	2.6065	0.4562	4.0778	2.2004	2.2301	4.3158	0.8916
USSCnsM	2.8194	2.8194	1.2385	2.5694	2.9738	1.5152	0.6136	4.1205	1.3228	5.0206	3.3243	1.9158	1.2663	0.7146	0.3696	0.8663	1.02	0	0.9357	1.9194	1.9177	2.4297	0.9846	1.4563	0.5154	2.8817	4.2323	0.2103	2.1531	0.798	5.3435	0.7895	1.8693	1.425	0.995	2.1531	2.1516	1.3479	0.9868	0.7848	1.8576	1.143	0.6783	0.1154	1.1758	1.056	8.6349	2.5226	5.8644	7.5061	0.7835	1.5809	2.5694	1.0532	0.9203	1.384	4.1152	5.0963	0.5809	2.1379	0.3763	1.9158	1.4204	1.0021	1.4096	1.6669	1.15	0.1389	2.0872	1.8647	2.2103	0.8405	1.5752	2.1585	2.1739	1.0878	2.5333	0.995	1.02	5.6871	0.8864	0.5154	1.2321	1.0151	2.1686	0.5435	2.4295	1.2877	0.7722	2.4295	1.6028	1.3248	5.4118	1.7828	1.0022	1.5213	0.4388	1.915	1.0269	1.1064	2.7941	1.3558	1.0532	4.7998	1.1242	0.9414	1.3751	1.639	0.9038	4.8034	0.9203	5.0662	5.8222	4.3084	1.6141	1.0505	2.4571	4.9733	0.8922	2.5989	1.1745	2.1585	0.4889	0.5742	1.5896	7.4911	1.8081	2.7941	1.0539	1.1502	1.7901	4.1205	5.5957	0.587	1.7243	1.024	4.1152	1.2242	2.6305	1.7828	2.8224	2.1516	1.8975	2.4841	1.9532	1.3174	4.8034	3.2138	3.1075	5.2124	0.1389
FnlHllM	2.183	2.183	0.4437	2.1421	2.3932	0.6149	0.3574	3.2083	0.7544	4.2757	2.778	1.3101	0.5618	0.7955	1.1862	0.0746	0.6786	0.9357	0	1.3521	1.3194	1.8425	0.2658	0.5478	0.451	2.1069	3.3196	1.1114	1.5451	0.1418	4.6417	0.9481	1.2424	0.4907	0.1025	1.5451	1.3408	0.5097	0.1715	0.1546	1.2248	0.3678	0.3162	0.9898	0.6669	0.1915	7.8081	1.8823	5.2712	7.0388	0.1542	0.7517	2.1421	0.2167	0.0259	0.8213	3.2081	4.2442	0.4208	1.2442	1.1854	1.3101	0.6459	0.1197	1.2355	0.7952	0.7451	0.8771	1.1953	1.2199	1.6359	0.2532	0.7975	1.5061	1.2771	0.3526	1.8918	0.1025	0.6786	4.7542	0.1148	0.451	0.3749	0.1128	1.6084	0.558	1.8424	0.8096	0.1664	1.8424	0.763	0.7368	5.1055	0.9839	0.4861	0.698	0.4983	1.7787	0.7048	0.2167	2.2668	0.5228	0.2167	4.1245	0.3728	1.1055	0.5366	0.7408	0.0366	4.74	0.0259	4.3172	5.6034	4.1947	0.9322	0.2103	1.646	4.3409	0.4806	1.951	0.3789	1.5061	0.4684	0.4953	1.037	7.0064	1.5966	2.2668	0.2365	0.4717	1.0667	3.2083	4.8494	0.4161	1.113	0.0941	3.2081	0.6773	1.6989	0.9839	2.2386	1.3408	1.1886	1.9612	1.9949	0.5868	4.74	2.6468	2.8543	4.9068	0.8771
NwbrySt	0.9006	0.9006	0.9205	0.8118	1.0655	1.5074	1.6181	3.2996	0.6247	3.1219	1.4376	0.0877	0.7903	1.244	2.2788	1.4044	0.8994	1.9194	1.3521	0	0.0701	0.5131	1.5962	1.4588	1.6697	2.8316	3.3965	1.9766	0.2385	1.3839	3.4271	1.2541	0.1535	1.2917	1.2514	0.2385	2.1502	0.9041	1.4955	1.3909	0.1724	0.9849	1.6137	2.0248	0.76	1.4646	6.7891	0.6083	6.0911	7.9832	1.3979	0.7529	0.8118	1.1363	1.3393	0.5562	3.3336	3.3303	1.6868	1.8368	2.2834	0.0877	1.7687	1.2337	2.5724	1.6676	0.7694	1.79	1.8148	0.195	0.2945	1.6039	1.8528	0.2868	1.0175	1.0027	0.6191	1.2514	0.8994	4.5237	1.2837	1.6697	1.0173	1.2464	0.2593	1.3836	0.5129	0.6334	1.3992	0.5129	0.7706	0.6335	3.774	1.9334	0.9598	0.7685	1.6318	3.0995	0.8931	1.1599	0.9172	0.8893	1.1363	2.8807	0.9796	2.4419	0.887	1.5605	1.3487	3.5546	1.3393	3.1697	4.303	2.9859	0.4404	1.1428	0.8255	5.1357	1.0529	0.6855	0.9781	0.2868	1.6672	1.3686	0.3352	7.931	2.905	0.9172	1.1157	0.8875	0.4064	3.2996	3.6945	1.6848	0.2415	1.2887	3.3336	0.7215	1.5659	1.9334	0.9113	2.1502	0.3373	0.6092	3.3417	0.7697	3.5546	1.3141	1.5983	3.5767	1.79
BackBay	0.9033	0.9033	0.8827	0.8636	1.0831	1.4518	1.5956	3.2314	0.6083	3.1126	1.4615	0.0176	0.7584	1.2536	2.2741	1.3741	0.8989	1.9177	1.3194	0.0701	0	0.5287	1.5588	1.4049	1.6506	2.7642	3.3286	1.9821	0.237	1.3577	3.4259	1.2721	0.09	1.2385	1.2179	0.237	2.0863	0.859	1.4586	1.3651	0.1098	0.9516	1.5885	2.0214	0.7489	1.425	6.7706	0.605	6.0229	7.9168	1.3721	0.6965	0.8636	1.1029	1.3077	0.5414	3.265	3.2997	1.6647	1.7703	2.2783	0.0176	1.7176	1.2002	2.5327	1.609	0.7692	1.7904	1.7489	0.1294	0.3167	1.5721	1.7982	0.255	0.9475	0.9731	0.6156	1.2179	0.8989	4.4635	1.2555	1.6506	0.9763	1.2119	0.2904	1.3785	0.5285	0.6301	1.3739	0.5285	0.7127	0.6142	3.8202	1.8746	0.9445	0.7155	1.6172	3.0564	0.8946	1.1225	0.9475	0.8441	1.1029	2.8831	0.9482	2.415	0.8406	1.5018	1.3176	3.6171	1.3077	3.1598	4.3548	3.0475	0.3953	1.1093	0.7685	5.0675	1.0418	0.6812	0.9426	0.255	1.6494	1.3604	0.3281	7.8642	2.8606	0.9475	1.083	0.8603	0.3423	3.2314	3.6862	1.6626	0.2077	1.2528	3.265	0.7069	1.4969	1.8746	0.9282	2.0863	0.2677	0.6447	3.3039	0.7337	3.6171	1.3343	1.6586	3.6234	1.7904
ThMpprm	0.4024	0.4024	1.4016	0.5059	0.5544	1.9095	2.1243	3.3011	1.1353	2.6366	0.9355	0.5357	1.284	1.7441	2.7907	1.8993	1.4103	2.4297	1.8425	0.5131	0.5287	0	2.075	1.8714	2.1791	3.0828	3.3883	2.4798	0.2975	1.8854	2.9243	1.7395	0.6004	1.7111	1.7404	0.2975	2.4683	1.3644	1.9758	1.8931	0.6178	1.4753	2.1165	2.5361	1.2727	1.9377	6.3265	0.1752	6.3056	8.2354	1.9	1.1689	0.5059	1.6258	1.8319	1.0675	3.3466	2.9279	2.1934	2.1218	2.7954	0.5357	2.194	1.7229	3.0419	2.0457	1.2806	2.299	2.1101	0.6231	0.2195	2.0957	2.257	0.3584	1.1908	1.4996	0.1831	1.7404	1.4103	4.362	1.7824	2.1791	1.489	1.7334	0.2623	1.896	3.00E-04	1.146	1.902	3.00E-04	1.1772	1.1423	3.3483	2.3059	1.4713	1.2011	2.1438	3.5556	1.4028	1.6403	0.44	1.3495	1.6258	2.3735	1.4735	2.942	1.3431	1.9396	1.8424	3.2768	1.8319	2.686	3.913	2.7004	0.9108	1.6322	0.7644	5.3518	1.5657	0.2353	1.464	0.3584	2.1775	1.8816	0.848	8.1749	3.3561	0.44	1.6068	1.3882	0.8023	3.3011	3.2055	2.1912	0.7361	1.7722	3.3466	1.2331	1.6408	2.3059	0.3996	2.4683	0.6849	0.2042	3.8162	1.2558	3.2768	0.806	1.3238	3.1544	2.299
NwEnglA	2.4004	2.4004	0.6761	2.3947	2.6208	0.5445	0.3748	3.1395	1.0133	4.4449	3.0091	1.5483	0.8094	1.0151	1.1599	0.253	0.941	0.9846	0.2658	1.5962	1.5588	2.075	0	0.4955	0.47	1.934	3.2515	1.1833	1.7781	0.3329	4.8249	1.1696	1.4782	0.5249	0.3542	1.7781	1.1817	0.7147	0.101	0.3385	1.4597	0.6151	0.3082	1.0096	0.9318	0.1442	7.9315	2.1026	5.0498	6.7969	0.3325	0.9404	2.3947	0.4661	0.2875	1.0788	3.1325	4.3599	0.4046	1.1552	1.1565	1.5483	0.4514	0.3716	0.9783	0.6829	1.0109	0.9624	1.1043	1.4524	1.8738	0.1443	0.6098	1.7301	1.387	0.6103	2.1117	0.3542	0.941	4.7268	0.3724	0.47	0.5862	0.3546	1.8491	0.7404	2.0748	1.0737	0.3426	2.0748	0.9447	0.9942	5.3604	0.813	0.7515	0.8939	0.5635	1.5168	0.9669	0.4364	2.5053	0.7292	0.4661	4.3179	0.6254	0.9127	0.7385	0.6632	0.2868	5.0058	0.2875	4.4846	5.864	4.4601	1.1656	0.4595	1.8101	4.1272	0.7385	2.1685	0.6186	1.7301	0.4977	0.6809	1.2901	6.767	1.3323	2.5053	0.4889	0.7296	1.2835	3.1395	5.0161	0.3985	1.3551	0.3087	3.1325	0.9401	1.7379	0.813	2.467	1.1817	1.4055	2.2032	1.7455	0.8265	5.0058	2.875	3.1167	5.162	0.9624
BChld_M	2.1411	2.1411	0.6358	2.2685	2.387	0.0709	0.8445	2.6672	1.0085	4.0624	2.7801	1.3904	0.7826	1.3123	1.6543	0.6042	1.0955	1.4563	0.5478	1.4588	1.4049	1.8714	0.4955	0	0.9441	1.5945	2.7788	1.6444	1.5884	0.6879	4.4643	1.4582	1.3157	0.1683	0.5394	1.5884	0.8279	0.586	0.4704	0.7	1.2958	0.6455	0.7825	1.4932	0.9969	0.4003	7.4855	1.8598	4.8137	6.6317	0.6984	0.7096	2.2685	0.5726	0.5704	1.0563	2.6647	3.912	0.8879	0.6964	1.6512	1.3904	0.3267	0.5444	1.2388	0.2663	1.1087	1.4137	0.6475	1.2803	1.6975	0.6297	0.3943	1.5131	0.9666	0.6849	1.8674	0.5394	1.0955	4.2364	0.6416	0.9441	0.5299	0.521	1.685	1.1027	1.8713	1.1088	0.7109	1.8713	0.6969	0.982	5.2155	0.5099	0.894	0.6904	1.0198	1.7072	1.1219	0.4956	2.3114	0.599	0.5726	3.9793	0.6724	1.3401	0.5935	0.1939	0.5843	4.9924	0.5704	4.0992	5.7593	4.4301	1.024	0.5692	1.4521	3.8712	0.9435	1.9156	0.6225	1.5131	0.9688	1.0402	1.2185	6.5912	1.5021	2.3114	0.5925	0.7712	1.0763	2.6672	4.6274	0.8819	1.227	0.4844	2.6647	0.9773	1.2515	0.5099	2.2392	0.8279	1.1881	2.0319	2.0071	0.7654	4.9924	2.6384	3.0508	5.02	1.4137
OldNCHS	2.5447	2.5447	0.8388	2.4117	2.7335	1.0014	0.0998	3.6056	1.045	4.6872	3.107	1.6446	0.914	0.7179	0.7352	0.3768	0.8282	0.5154	0.451	1.6697	1.6506	2.1791	0.47	0.9441	0	2.3874	3.7174	0.7135	1.8859	0.333	5.0389	0.8612	1.585	0.9264	0.532	1.8859	1.6454	0.9305	0.4737	0.321	1.5697	0.7458	0.163	0.5499	0.9153	0.5443	8.2465	2.2424	5.442	7.1402	0.3166	1.1746	2.4117	0.6194	0.4422	1.1136	3.5999	4.6872	0.0765	1.6225	0.7343	1.6446	0.9125	0.5439	1.1153	1.1516	0.9421	0.4971	1.5718	1.5703	1.9633	0.3257	1.0694	1.866	1.7262	0.7034	2.2526	0.532	0.8282	5.1795	0.4394	0	0.8003	0.5498	1.9287	0.4133	2.1789	1.0548	0.3088	2.1789	1.1905	1.0368	5.3435	1.276	0.7116	1.1172	0.1137	1.6637	0.8471	0.6523	2.5827	0.9415	0.6194	4.511	0.7364	0.8042	0.9584	1.1245	0.4257	4.8671	0.4422	4.7302	5.8044	4.342	1.2915	0.6147	2.0718	4.5335	0.6317	2.3151	0.7701	1.866	0.0298	0.3789	1.3361	7.1174	1.5151	2.5827	0.6284	0.8003	1.4495	3.6056	5.2622	0.0817	1.4442	0.5448	3.5999	0.949	2.1458	1.276	2.5787	1.6454	1.5675	2.271	1.7994	0.9551	4.8671	2.9835	3.0543	5.1438	0.4971
CstlIsl	3.1958	3.1958	2.2047	3.5675	3.469	1.5238	2.3008	1.6091	2.5515	4.4811	3.8319	2.7469	2.3388	2.8978	2.9456	2.1437	2.6865	2.8817	2.1069	2.8316	2.7642	3.0828	1.934	1.5945	2.3874	0	1.7084	3.0899	2.8665	2.2332	4.9543	3.0472	2.6784	1.7308	2.1232	2.8665	0.7682	2.1248	1.9725	2.243	2.66	2.232	2.2343	2.8768	2.5705	1.9224	7.3654	2.9953	3.2639	5.1575	2.2391	2.1344	3.5675	2.1668	2.1322	2.5848	1.5609	3.9534	2.3136	0.9995	2.9382	2.7469	1.4827	2.1309	1.8261	1.3285	2.687	2.8841	1.0284	2.6366	2.9806	2.0725	1.3243	2.7585	1.8928	2.2761	2.9984	2.1232	2.6865	3.2874	2.2147	2.3874	2.1075	2.1066	2.989	2.6591	3.0829	2.6635	2.2512	3.0829	2.1071	2.5238	6.3323	1.1253	2.4869	2.1483	2.4911	1.8389	2.7125	2.0901	3.4871	2.1341	2.1668	4.5928	2.2602	2.2951	2.1215	1.4109	2.1428	6.3548	2.1322	4.5007	6.9478	5.7794	2.4629	2.1634	2.3871	2.3103	2.5376	3.0199	2.2053	2.7585	2.4169	2.597	2.6929	5.1017	1.695	3.4871	2.187	2.3517	2.428	1.6091	4.976	2.3077	2.6451	2.0641	1.5609	2.542	1.5747	1.1253	3.3525	0.7682	2.4995	3.2804	2.2206	2.3078	6.3548	3.6861	4.392	6.1492	2.8841
HrbrWlk	3.2904	3.2904	3.1998	3.8842	3.5308	2.7177	3.6187	0.112	3.4286	3.6235	3.7851	3.3121	3.2819	4.0069	4.3933	3.381	3.6858	4.2323	3.3196	3.3965	3.3286	3.3883	3.2515	2.7788	3.7174	1.7084	0	4.4231	3.3063	3.4614	4.1128	4.1309	3.2691	2.8362	3.2885	3.3063	2.17	3.0864	3.246	3.474	3.2574	3.269	3.5545	4.261	3.5142	3.1778	5.8839	3.2353	3.4688	5.4625	3.4731	2.9602	3.8842	3.2775	3.3399	3.4285	0.149	2.8027	3.6556	2.0965	4.3883	3.3121	2.8448	3.2879	3.4593	2.5695	3.6295	4.1924	2.1474	3.2309	3.3975	3.3943	2.7061	3.1901	2.4096	3.3275	3.2325	3.2885	3.6858	1.5802	3.399	3.7174	3.1412	3.2683	3.4297	3.8567	3.3885	3.5454	3.4855	3.3885	2.9281	3.4036	6.0986	2.5064	3.5245	3.0043	3.798	3.5419	3.7064	3.2045	3.6587	3.0881	3.2775	3.924	3.2979	3.8635	3.0688	2.5934	3.3551	6.4987	3.3399	3.6232	6.7801	5.9349	3.2045	3.2771	2.6355	2.6442	3.6142	3.2179	3.2346	3.1901	3.7434	3.796	3.4278	5.3629	3.387	3.6587	3.2888	3.3499	3.0785	0.112	3.9917	3.6495	3.3136	3.2435	0.149	3.4672	1.8392	2.5064	3.4775	2.17	3.0832	3.586	3.9259	3.2321	6.4987	3.6621	4.6545	5.9444	4.1924
BnkrHllMn	2.876	2.876	1.3726	2.5788	3.0143	1.7055	0.8092	4.3114	1.4068	5.0943	3.3523	1.9821	1.3812	0.7363	0.4312	1.0455	1.0867	0.2103	1.1114	1.9766	1.9821	2.4798	1.1833	1.6444	0.7135	3.0899	4.4231	0	2.2138	0.9705	5.4029	0.7708	1.9418	1.602	1.1606	2.2138	2.3564	1.4865	1.1781	0.9575	1.9318	1.2791	0.8752	0.2598	1.2594	1.2454	8.7319	2.5844	6.0714	7.7039	0.9573	1.7104	2.5788	1.2059	1.0937	1.463	4.3079	5.2083	0.7827	2.332	0.4415	1.9821	1.6242	1.1656	1.6055	1.8631	1.2148	0.2357	2.2815	1.9416	2.2616	1.0391	1.7799	2.2299	2.3165	1.221	2.5952	1.1606	1.0867	5.8652	1.0495	0.7135	1.3793	1.181	2.2175	0.6491	2.4795	1.3557	0.9453	2.4795	1.7344	1.4127	5.3689	1.9872	1.106	1.6508	0.6253	2.0987	1.0885	1.2656	2.8237	1.4929	1.2059	4.8532	1.2574	1.1194	1.5129	1.8304	1.0776	4.7109	1.0937	5.1412	5.7583	4.2289	1.7077	1.204	2.5667	5.1823	0.9931	2.6614	1.3123	2.2299	0.6856	0.6942	1.6557	7.6903	2.0005	2.8237	1.2035	1.2683	1.8877	4.3114	5.6683	0.7888	1.7979	1.1955	4.3079	1.3112	2.7925	1.9872	2.8656	2.3564	1.9888	2.5176	2.1141	1.4345	4.7109	3.2482	3.0688	5.1701	0.2357
SkywlkO	0.6667	0.6667	1.1042	0.7056	0.85	1.6298	1.8292	3.2134	0.845	2.8834	1.2329	0.2415	0.987	1.4822	2.5104	1.6021	1.1335	2.1531	1.5451	0.2385	0.237	0.2975	1.7781	1.5884	1.8859	2.8665	3.3063	2.2138	0	1.5891	3.1912	1.4923	0.3033	1.4256	1.4429	0	2.2211	1.069	1.6787	1.5969	0.3204	1.1779	1.8204	2.2574	0.9858	1.6414	6.5519	0.3706	6.1111	8.024	1.6037	0.881	0.7056	1.3284	1.5345	0.7784	3.2526	3.1026	1.8986	1.8868	2.5147	0.2415	1.9083	1.4254	2.7467	1.7743	1.0036	2.025	1.8706	0.3258	0.1148	1.7982	1.9777	0.1175	0.9945	1.2027	0.3814	1.4429	1.1335	4.3731	1.4856	1.8859	1.1924	1.4359	0.1274	1.6148	0.2973	0.8655	1.606	0.2973	0.8916	0.8503	3.627	2.0374	1.1811	0.9098	1.8538	3.2633	1.1283	1.3431	0.73	1.0541	1.3284	2.6469	1.1764	2.6451	1.0482	1.6674	1.5451	3.4904	1.5345	2.9312	4.1782	2.9163	0.6134	1.3348	0.6817	5.1557	1.2787	0.4476	1.1666	0.1175	1.885	1.5973	0.5639	7.9674	3.0649	0.73	1.3094	1.0922	0.5129	3.2134	3.4562	1.8963	0.4417	1.4748	3.2526	0.9438	1.5025	2.0374	0.695	2.2211	0.4014	0.444	3.5204	0.9583	3.4904	1.1027	1.5264	3.4317	2.025
NwEngHM	2.2392	2.2392	0.512	2.156	2.4391	0.754	0.2511	3.3501	0.7669	4.3612	2.8191	1.3499	0.6036	0.6845	1.0625	0.0895	0.629	0.798	0.1418	1.3839	1.3577	1.8854	0.3329	0.6879	0.333	2.2332	3.4614	0.9705	1.5891	0	4.7187	0.8388	1.286	0.6316	0.2015	1.5891	1.4695	0.5986	0.2649	0.0132	1.2694	0.4223	0.2316	0.8568	0.6576	0.3109	7.9137	1.9371	5.3778	7.1298	0.0164	0.843	2.156	0.2875	0.1231	0.8359	3.3497	4.3543	0.3202	1.3841	1.0624	1.3499	0.7595	0.212	1.2495	0.9307	0.7161	0.7359	1.3349	1.2674	1.6737	0.2521	0.9151	1.5598	1.3963	0.3878	1.947	0.2015	0.629	4.8947	0.1085	0.333	0.4675	0.2205	1.6427	0.426	1.8853	0.8025	0.0259	1.8853	0.8582	0.7537	5.1111	1.1081	0.4586	0.7862	0.3638	1.7999	0.6535	0.3203	2.3011	0.61	0.2875	4.1954	0.4173	1.058	0.6265	0.8802	0.1071	4.7065	0.1231	4.4037	5.5957	4.1673	0.9827	0.2826	1.7406	4.4518	0.4207	2.0081	0.4433	1.5598	0.3455	0.3638	1.0577	7.0998	1.6266	2.3011	0.2984	0.4973	1.1316	3.3501	4.9359	0.3167	1.1499	0.2261	3.3497	0.6791	1.8333	1.1081	2.2841	1.4695	1.2517	1.9919	1.9915	0.6389	4.7065	2.6914	2.8431	4.9119	0.7359
ArnldAr	2.5269	2.5269	4.2073	2.9401	2.4087	4.4705	4.9688	4.1004	4.0253	0.4909	2.1353	3.4277	4.1254	4.668	5.6976	4.7097	4.3246	5.3435	4.6417	3.4271	3.4259	2.9243	4.8249	4.4643	5.0389	4.9543	4.1128	5.4029	3.1912	4.7187	0	4.6618	3.4758	4.3448	4.5415	3.1912	4.6915	4.132	4.7365	4.7287	3.4884	4.2966	4.9469	5.4465	4.1704	4.6807	3.5633	2.8211	7.5808	9.5752	4.7346	3.8921	2.9401	4.4355	4.6382	3.9617	4.1829	1.4597	5.0384	4.3287	5.7014	3.4277	4.7772	4.5257	5.7023	4.5219	4.1947	5.2161	4.3488	3.4831	3.1415	4.8862	4.7719	3.1871	3.5054	4.3359	2.8104	4.5415	4.3246	3.9657	4.6105	5.0389	4.2668	4.529	3.1864	4.803	2.9246	4.056	4.7395	2.9246	3.884	4.0263	2.6188	4.7215	4.3571	3.9441	5.0225	6.1345	4.3195	4.4254	2.6263	4.1189	4.4355	0.567	4.3037	5.736	4.1053	4.4374	4.6519	3.7162	4.6382	0.49	3.2952	3.3533	3.7508	4.4411	3.0194	6.7283	4.4608	2.7447	4.2757	3.1871	5.0427	4.7817	3.754	9.4747	5.9263	2.6263	4.4217	4.2404	3.5894	4.1004	0.4466	5.0352	3.6207	4.5559	4.1829	4.1246	3.4739	4.7215	2.549	4.6915	3.4717	2.9103	6.4626	4.0838	3.7162	2.2023	2.973	2.5598	5.2161
ChrlsRE	2.1407	2.1407	0.9311	1.8088	2.2604	1.529	0.8915	4.0224	0.7783	4.3725	2.5885	1.2754	0.8602	0.1545	1.1546	0.9254	0.4613	0.7895	0.9481	1.2541	1.2721	1.7395	1.1696	1.4582	0.8612	3.0472	4.1309	0.7708	1.4923	0.8388	4.6618	0	1.2488	1.3436	0.9239	1.4923	2.279	1.045	1.1023	0.832	1.2429	0.8656	0.9404	0.9049	0.6508	1.1387	8.0424	1.8591	6.2163	7.9629	0.8377	1.2025	1.8088	0.8895	0.9222	0.8139	4.0333	4.5607	0.9275	2.1337	1.1623	1.2754	1.5932	0.9165	1.9764	1.7215	0.5576	0.6512	2.0887	1.2579	1.5255	1.062	1.7456	1.5267	1.818	0.8094	1.87	0.9239	0.4613	5.4686	0.836	0.8612	0.9958	0.9406	1.4787	0.4527	1.7392	0.6883	0.8272	1.7392	1.233	0.7951	4.6223	1.9293	0.6066	1.1496	0.7566	2.5236	0.4469	0.9671	2.062	1.0441	0.8895	4.1067	0.8363	1.6179	1.0637	1.6492	0.9139	4.0438	0.9222	4.421	5.0375	3.5358	1.0788	0.892	1.945	5.2883	0.5243	1.9364	0.8992	1.5267	0.8378	0.5017	0.9612	7.9348	2.3762	2.062	0.8722	0.7818	1.2588	4.0224	4.9434	0.9304	1.1132	0.9833	4.0333	0.7048	2.361	1.9293	2.1149	2.279	1.3377	1.76	2.6381	0.9136	4.0438	2.4886	2.318	4.4229	0.6512
